X
0.2659995172074967
0.3308314732940514
1.678282457649387
0.11250730916882581
0.2437134764767134
0.5827275523134136
0.5989548875262078
0.8105902701454882
0.6609414437588885
0.4637589430152442
0.8512780007276995
1.1977626385455216
0.32347502004095696
0.40527078680887163
0.43034118609552946
0.30531689373534304
0.31414151320151057
0.10864699413214608
0.2119787712965719
0.280569228918135
0.1943783315183573
0.42406387358385184
0.15442898640841943
0.3256132254602347
0.3326573192248037
0.5255049573472667
0.6329936458806058
0.23739936000188347
0.9060153139250768
0.2107379083870176
0.356126884185968
0.22423536116353968
0.24857337924378797
0.2690206471412156
0.4513675809992494
0.20664732239617015
1.1798576185245808
1.5244581462927747
0.10947283969019142
0.30070066501760195
0.9033743006944226
0.9840728057065669
0.3814570643386411
0.7095438357434951
1.0062835436261708
0.5017337832412002
0.09963935233048365
0.30751812612356405
0.3400242151833747
0.43821534068973933
0.4586000410003907
0.1844149816565486
0.3981084186690814
0.08467758360050545
0.17043589903222384
0.1806662398026636
0.28066135204948234
0.603900532170576
0.5784572704504807
0.8400501729725695
0.34571375386623987
0.1976803053232616
0.8325533373147721
0.39574448174952515
0.6489086399569378
0.3061984400326548
0.5570724261012753
0.11228180168531662
0.5720071303637649
0.13168936787098687
0.2908970122248651
0.18694112500526897
0.8759165149468779
0.4147439030913601
0.26513411647012153
0.4660546451090994
0.8634672373477653
0.3407752547870787
0.42239954766268933
0.4563996195817633
0.4993675807935527
0.3478842313036477
0.19193356119888152
0.560166021269656
0.17729883159209198
0.11873620819091146
0.20523317899554197
0.23523122539258434
0.48789917521952597
0.17374609608777083
0.4204415832838073
1.0520625708382263
0.08346644083580597
0.500355748554608
0.480940900208435
0.20544236339612817
0.8175335040794902
0.22055104910757664
0.5020759820271026
0.24011295429478507
